11111111111111111111111111111111111111111111111111
00000000000000001111111110000000000000111101113111
11111111111111100000000000111111111101111101111111
11311111110111111111111111111111111100000000000111
11111000000000000000000000000000001101111111011111
11111111101111111111111111111111101100111111011111
11110111101101100000000111100000001110111111011111
11110111101100111101110011111111101110111111011111
11110113100110111101111000011111101110111111011111
11110111110110000001111111000011101110011111011111
11110000000111111101111111111001101111113111011111
11111111110111111100113111111100001111111111011111
11131111110111111110111111111111111111111111011111
11111000000111111110000000000000000000000000011111
11111011110111101111111111111111111111111111111111
11111011110000001111110111101100000000011131111111
11111001111111101111110111101101111101111111110042
11111101110111101111110111101101111101111111110111
11111101110111100000000000000000001101111111000011
11000001110111111101111111111111111101111111110111
11111111110000000001111131111111111100000000000111
11111111111111111111111111111111111111111111111111
